4279 156.00
5297 5544.00
6298 7419.00
7303 7371.00
8311 7459.00
9327 7390.00
10335 7237.00
11354 7242.00
12364 7379.00
13370 7779.00
14373 7802.00
15386 7881.00
16393 7864.00
17412 7855.00
18429 7844.00
19444 7843.00
20465 8021.00
21471 8347.00
22474 8332.00
23482 8295.00
24497 8294.00
25500 8292.00
26506 8331.00
27514 8310.00
28523 8296.00
29533 8296.00
30546 8297.00
31550 8288.00
32559 8292.00
33577 8296.00
34586 8292.00
35587 8297.00
36593 8300.00
37609 8299.00
38612 8301.00
39618 8302.00
40626 8301.00
41633 8299.00
42635 8306.00
43638 8304.00
44639 8309.00
45648 8308.00
46658 8310.00
47674 8311.00
48693 8312.00
49706 8315.00
50708 8319.00
51726 8315.00
52739 8320.00
53760 8323.00
54780 8323.00
55781 8327.00
56795 8329.00
57807 8328.00
58823 8327.00
59823 8330.00
60825 8329.00
61836 8332.00
62848 8338.00
63848 8336.00
64857 8335.00
65861 8336.00
66873 8338.00
67882 8342.00
68891 8345.00
69900 8343.00
70909 8349.00
71924 8340.00
72931 8323.00
73939 8364.00
74956 8368.00
75970 8375.00
76978 8395.00
77980 8390.00
78990 8391.00
79991 8393.00
81003 8372.00
82007 8358.00
83026 8358.00
84035 8360.00
85036 8364.00
86040 8362.00
87062 8365.00
88070 8361.00
89070 8363.00
90089 8368.00
91107 8363.00
92118 8372.00
93125 8374.00
94127 8371.00
95128 8376.00
96139 8374.00
97147 8376.00
98156 8378.00
99173 8378.00
100193 8380.00
101199 8378.00
102207 8375.00
103211 8377.00
104212 8383.00
105222 8383.00
106237 8387.00
107255 8387.00
108265 8387.00
109277 8387.00
110279 8391.00
111286 8390.00
112294 8394.00
113304 8398.00
114327 8396.00
115348 8403.00
116356 8403.00
117378 8399.00
118390 8403.00
119393 8404.00
120396 8407.00
121399 8409.00
122407 8403.00
123420 8410.00
124420 8413.00
125426 8407.00
126441 8414.00
127451 8416.00
128466 8417.00
129481 8416.00
130499 8421.00
131500 8427.00
132511 8425.00
133525 8422.00
134529 8426.00
135536 8427.00
136539 8429.00
137555 8432.00
138572 8432.00
139580 8432.00
140581 8438.00
141594 8439.00
142601 8464.00
143616 8440.00
144631 8438.00
145643 8443.00
146647 8445.00
147665 8448.00
148678 8449.00
149693 8451.00
150696 8451.00
151700 8457.00
152701 8458.00
153709 8458.00
154722 8462.00
155725 8460.00
156731 8465.00
157743 8468.00
158745 8471.00
159748 8472.00
160753 8470.00
161766 8474.00
162775 8479.00
163787 8478.00
164793 8484.00
165809 8485.00
166812 8484.00
167827 8484.00
168839 8490.00
169846 8487.00
170864 8487.00
171879 8487.00
172881 8491.00
173884 8498.00
174886 8498.00
175892 8500.00
176901 8500.00
177920 8505.00
178939 8510.00
179955 8508.00
180963 8507.00
181971 8511.00
182988 8512.00
183993 8514.00
185008 8516.00
186009 8517.00
187011 8524.00
188016 8524.00
189019 8524.00
190036 8524.00
191050 8524.00
192060 8527.00
193077 8528.00
194081 8533.00
195100 8535.00
196111 8537.00
197120 8534.00
198131 8540.00
199139 8544.00
200151 8547.00
201170 8546.00
202186 8545.00
203198 8545.00
204213 8547.00
205225 8549.00
206237 8545.00
207243 8554.00
208255 8555.00
209261 8557.00
210279 8560.00
211291 8564.00
212297 8555.00
213307 8557.00
214324 8559.00
215339 8561.00
216344 8559.00
217351 8564.00
218353 8560.00
219371 8563.00
220372 8561.00
221380 8566.00
222381 8564.00
223392 8568.00
224393 8570.00
225394 8568.00
226408 8571.00
227411 8573.00
228426 8571.00
229441 8576.00
230451 8579.00
231459 8580.00
232467 8579.00
233486 8583.00
234496 8583.00
235512 8584.00
236521 8599.00
237526 8605.00
238529 8595.00
239534 8592.00
240536 8596.00
241547 8596.00
242561 8598.00
243566 8600.00
244573 8602.00
245585 8602.00
246598 8598.00
247604 8604.00
248611 8606.00
249625 8606.00
250637 8606.00
251649 8610.00
252652 8613.00
253653 8612.00
254672 8613.00
255676 8613.00
256681 8613.00
257703 8616.00
258719 8618.00
259722 8619.00
260733 8620.00
261741 8624.00
262753 8626.00
263770 8631.00
264779 8631.00
265794 8631.00
266810 8634.00
267822 8638.00
268824 8637.00
269838 8637.00
270838 8635.00
271846 8635.00
272855 8637.00
273874 8638.00
274884 8638.00
275886 8641.00
276894 8639.00
277900 8634.00
278901 8642.00
279901 8647.00
280917 8644.00
281935 8644.00
282939 8644.00
283958 8646.00
284962 8654.00
285974 8652.00
286991 8651.00
288000 8649.00
289001 8650.00
290015 8653.00
291016 8657.00
292034 8661.00
293045 8663.00
294064 8664.00
295074 8663.00
296082 8664.00
297099 8665.00
298112 8674.00
299122 8672.00
300127 8673.00
301132 8670.00
302132 8675.00
303145 8677.00
304162 8679.00
305165 8677.00
306172 8682.00
307185 8681.00
308199 8682.00
309215 8687.00
310219 8684.00
311229 8687.00
312242 8687.00
313244 8691.00
314254 8686.00
315258 8692.00
316264 8695.00
317280 8694.00
318290 8697.00
319304 8697.00
320319 8696.00
321324 8702.00
322342 8707.00
323345 8707.00
324348 8710.00
325352 8714.00
326362 8711.00
327381 8715.00
328389 8714.00
329389 8714.00
330403 8714.00
331409 8715.00
332423 8717.00
333427 8712.00
334431 8715.00
335431 8718.00
336451 8720.00
337461 8724.00
338465 8726.00
339469 8726.00
340488 8727.00
341491 8729.00
342491 8727.00
343510 8731.00
344517 8727.00
345524 8727.00
346526 8728.00
347538 8734.00
348542 8735.00
349552 8742.00
350565 8739.00
351571 8738.00
352586 8742.00
353601 8746.00
354613 8745.00
355616 8745.00
356619 8746.00
357632 8747.00
358633 8750.00
359645 8752.00
360662 8748.00
361671 8750.00
362672 8752.00
363685 8750.00
364703 8755.00
365722 8758.00
366737 8762.00
367745 8760.00
368764 8760.00
369779 8761.00
370788 8765.00
371800 8767.00
372804 8767.00
373823 8766.00
374828 8773.00
375829 8771.00
376840 8770.00
377858 8777.00
378866 8780.00
379882 8779.00
380893 8778.00
381908 8779.00
382921 8782.00
383939 8780.00
384947 8780.00
385948 8782.00
386960 8783.00
387971 8789.00
388984 8789.00
389993 8791.00
391011 8792.00
392024 8792.00
393043 8795.00
394043 8796.00
395056 8795.00
396059 8795.00
397071 8803.00
398089 8799.00
399103 8800.00
400122 8800.00
401122 8805.00
402136 8806.00
403142 8811.00
404142 8808.00
405143 8811.00
406161 8814.00
407162 8811.00
408172 8814.00
409172 8811.00
410192 8817.00
411211 8823.00
412223 8830.00
413229 8826.00
414240 8822.00
415280 8821.00
416283 8820.00
417293 8820.00
418302 8826.00
419305 8827.00
420313 8827.00
421327 8826.00
422330 8830.00
423345 8831.00
424364 8831.00
425379 8831.00
426379 8833.00
427382 8833.00
428386 8834.00
429391 8830.00
430409 8833.00
431420 8835.00
432421 8835.00
433426 8837.00
434433 8839.00
435452 8842.00
436463 8841.00
437463 8842.00
438467 8844.00
439474 8844.00
440489 8842.00
441503 8846.00
442511 8846.00
443513 8848.00
444519 8851.00
445526 8851.00
446542 8851.00
447552 8857.00
448555 8859.00
449569 8856.00
450575 8856.00
451592 8859.00
452601 8864.00
453613 8862.00
454620 8861.00
455625 8865.00
456627 8869.00
457637 8870.00
458637 8869.00
459640 8871.00
460659 8874.00
461662 8869.00
462666 8873.00
463675 8873.00
464680 8879.00
465696 8878.00
466701 8874.00
467705 8876.00
468718 8876.00
469736 8878.00
470745 8882.00
471764 8880.00
472767 8880.00
473781 8882.00
474781 8883.00
475783 8889.00
476802 8889.00
477805 8889.00
478821 8892.00
479838 8889.00
480839 8893.00
481841 8893.00
482856 8897.00
483866 8899.00
484872 8900.00
485873 8901.00
486892 8901.00
487892 8902.00
488895 8902.00
489897 8902.00
490910 8902.00
491916 8905.00
492922 8908.00
493937 8908.00
494944 8911.00
495961 8908.00
496970 8912.00
497975 8908.00
498978 8908.00
499989 8910.00
500993 8914.00
502005 8913.00
503020 8914.00
504040 8913.00
505043 8915.00
506043 8909.00
507062 8913.00
508081 8918.00
509085 8917.00
510087 8922.00
511101 8924.00
512103 8922.00
513112 8922.00
514119 8923.00
515137 8924.00
516142 8920.00
517148 8927.00
518160 8926.00
519160 8929.00
520173 8929.00
521181 8930.00
522184 8928.00
523194 8930.00
524212 8929.00
525230 8933.00
526242 8929.00
527263 8933.00
528269 8933.00
529272 8938.00
530283 8936.00
531284 8939.00
532289 8938.00
533291 8941.00
534293 8941.00
535312 8937.00
536326 8945.00
537342 8944.00
538353 8946.00
539354 8945.00
540360 8945.00
541370 8950.00
542388 8949.00
543397 8952.00
544413 8952.00
545423 8950.00
546435 8954.00
547444 8956.00
548450 8954.00
549461 8954.00
550479 8955.00
551480 8959.00
552491 8958.00
553510 8960.00
554514 8960.00
555526 8960.00
556527 8960.00
557531 8966.00
558549 8965.00
559549 8964.00
560552 8964.00
561571 8959.00
562572 8967.00
563586 8967.00
564593 8967.00
565600 8971.00
566604 8967.00
567620 8969.00
568631 8968.00
569637 8969.00
570639 8970.00
571656 8976.00
572672 8975.00
573685 8973.00
574701 8979.00
575712 8975.00
576730 8979.00
577732 8981.00
578742 8982.00
579753 8985.00
580771 8981.00
581793 8982.00
582793 8982.00
583793 8984.00
584802 8986.00
585803 8984.00
586818 8987.00
587823 8987.00
588823 8989.00
589827 8990.00
590836 8987.00
591850 8988.00
592854 8989.00
593858 8992.00
594870 8990.00
595883 8993.00
596893 8993.00
597894 8995.00
598903 8990.00
599913 8986.00
600914 8990.00
601924 8992.00
602929 8996.00
603943 8996.00
604948 8995.00
605949 8997.00
606951 8993.00
607957 8998.00
608976 8994.00
609980 9002.00
610993 8999.00
612009 9001.00
613023 8999.00
614023 9000.00
615040 9000.00
616043 8997.00
617054 9002.00
618064 9003.00
619074 9004.00
620084 9010.00
621087 9008.00
622088 9008.00
623102 9009.00
624107 9008.00
625107 9005.00
626108 9011.00
627124 9008.00
628141 9010.00
629146 9013.00
630150 9016.00
631161 9015.00
632175 9014.00
633194 9017.00
634196 9051.00
635212 8414.00
636212 7383.00
637218 7380.00
638219 7374.00
639224 7371.00
640236 7382.00
641243 7383.00
642253 7418.00
643253 7382.00
644255 7424.00
645274 7321.00
646276 7341.00
647285 7352.00
648301 7354.00
649303 7357.00
650306 7370.00
651310 7363.00
652318 7366.00
653319 7360.00
654335 7374.00
655346 7378.00
656351 7371.00
657352 7369.00
658360 7366.00
659368 7366.00
660376 7361.00
661386 7359.00
662391 7363.00
663404 7364.00
664418 7361.00
665424 7363.00
666442 7362.00
667443 7360.00
668443 7362.00
669443 7361.00
670451 7356.00
671461 7361.00
672474 7364.00
673481 7362.00
674491 7356.00
675512 7361.00
676512 7354.00
677524 7345.00
678534 7333.00
679539 7333.00
680555 7335.00
681558 7338.00
682558 7339.00
683579 7335.00
684583 7327.00
685594 7333.00
686603 7330.00
687608 7332.00
688611 7331.00
689628 7336.00
690630 7335.00
691638 7330.00
692655 7329.00
693673 7329.00
694696 7326.00
695697 7327.00
696702 7326.00
697712 7322.00
698719 7321.00
699725 7323.00
700731 7324.00
701740 7322.00
702744 7316.00
703756 7320.00
704773 7319.00
705787 7318.00
706789 7321.00
707802 7321.00
708816 7318.00
709819 7318.00
710835 7315.00
711854 7318.00
712873 7321.00
713877 7314.00
714893 7319.00
715903 7320.00
716905 7314.00
717921 7317.00
718930 7313.00
719944 7311.00
720947 7313.00
721970 7317.00
722973 7310.00
723991 7311.00
725010 7311.00
726022 7309.00
727037 7307.00
728040 7306.00
729040 7309.00
730050 7310.00
731065 7308.00
732083 7299.00
733085 7298.00
734093 7297.00
735104 7287.00
736123 7283.00
737143 7286.00
738159 7280.00
739169 7295.00
740179 7294.00
741190 7295.00
742197 7294.00
743199 7295.00
744211 7300.00
745234 7306.00
746250 7304.00
747261 7304.00
748275 7301.00
749281 7298.00
750298 7303.00
751312 7305.00
752320 7295.00
753323 7298.00
754324 7298.00
755330 7292.00
756335 7293.00
757339 7288.00
758347 7293.00
759348 7297.00
760351 7292.00
761361 7294.00
762371 7298.00
763384 7292.00
764384 7290.00
765401 7294.00
766411 7289.00
767421 7294.00
768427 7295.00
769436 7296.00
770449 7300.00
771464 7294.00
772465 7294.00
773481 7293.00
774485 7292.00
775504 7287.00
776504 7275.00
777504 7301.00
778504 7275.00
779523 7263.00
780527 7274.00
781546 7271.00
782556 7273.00
783562 7272.00
784578 7267.00
785593 7273.00
786594 7278.00
787594 7274.00
788601 7272.00
789621 7269.00
790640 7272.00
791659 7268.00
792674 7267.00
793690 7267.00
794709 7263.00
795723 7268.00
796736 7268.00
797755 7261.00
798767 7265.00
799772 7262.00
800785 7264.00
801800 7260.00
802807 7262.00
803821 7263.00
804822 7265.00
805838 7263.00
806846 7265.00
807865 7265.00
808884 7262.00
809893 7269.00
810910 7270.00
811927 7265.00
812933 7258.00
813933 7262.00
814943 7263.00
815957 7265.00
816962 7263.00
817964 7263.00
818974 7267.00
819978 7269.00
820979 7266.00
821994 7262.00
823010 7267.00
824024 7271.00
825037 7272.00
826050 7273.00
827064 7274.00
828082 7274.00
829098 7273.00
830115 7273.00
831130 7274.00
832137 7273.00
833151 7275.00
834160 7276.00
835161 7277.00
836163 7279.00
837179 7276.00
838202 7275.00
839215 7276.00
840222 7274.00
841234 7277.00
842250 7273.00
843269 7274.00
844280 7278.00
845285 7274.00
846304 7265.00
847313 7258.00
848321 7262.00
849321 7269.00
850324 7264.00
851330 7263.00
852333 7261.00
853343 7268.00
854361 7263.00
855364 7269.00
856371 7270.00
857385 7291.00
858393 7310.00
859405 7312.00
860423 7310.00
861442 7312.00
862454 7310.00
863465 7312.00
864472 7314.00
865474 7313.00
866476 7313.00
867482 7312.00
868490 7314.00
869495 7317.00
870514 7316.00
871524 7283.00
872542 7298.00
873544 7294.00
874554 7295.00
875572 7298.00
876587 7293.00
877607 7292.00
878613 7292.00
879614 7290.00
880620 7295.00
881625 7291.00
882643 7289.00
883660 7291.00
884675 7298.00
885683 7296.00
886700 7295.00
887702 7291.00
888713 7292.00
889725 7288.00
890728 7288.00
891734 7294.00
892740 7294.00
893745 7290.00
894764 7291.00
895768 7290.00
896783 7284.00
897793 7271.00
898805 7268.00
899820 7264.00
900826 7267.00
901838 7272.00
902849 7269.00
903865 7267.00
904877 7263.00
905879 7267.00
906884 7267.00
907886 7270.00
908901 7268.00
909912 7269.00
910912 7268.00
911922 7269.00
912922 7266.00
913922 7258.00
914932 7301.00
915936 7311.00
916938 7308.00
917938 7308.00
918957 7313.00
919962 7306.00
920964 7301.00
921968 7304.00
922974 7304.00
923986 7301.00
925002 7296.00
926004 7299.00
927005 7298.00
928022 7297.00
929034 7299.00
930044 7295.00
931052 7296.00
932054 7297.00
933060 7295.00
934075 7298.00
935092 7298.00
936109 7298.00
937116 7299.00
938120 7301.00
939121 7302.00
940139 7299.00
941155 7298.00
942174 7296.00
943185 7296.00
944193 7298.00
945201 7297.00
946217 7297.00
947231 7297.00
948236 7299.00
949244 7294.00
950253 7295.00
951267 7298.00
952271 7300.00
953284 7300.00
954301 7296.00
955322 7300.00
956330 7295.00
957341 7297.00
958341 7299.00
959361 7300.00
960365 7296.00
961377 7297.00
962394 7297.00
963408 7292.00
964424 7298.00
965435 7298.00
966436 7300.00
967454 7300.00
968457 7304.00
969468 7303.00
970475 7301.00
971482 7297.00
972492 7298.00
973501 7302.00
974514 7300.00
975522 7306.00
976524 7302.00
977528 7304.00
978528 7303.00
979533 7304.00
980544 7302.00
981555 7301.00
982563 7300.00
983570 7299.00
984582 7299.00
985598 7296.00
986610 7300.00
987612 7299.00
988624 7297.00
989631 7300.00
990631 7304.00
991644 7301.00
992652 7296.00
993662 7291.00
994676 7294.00
995693 7296.00
996698 7296.00
997703 7297.00
998706 7297.00
999709 7297.00
1000722 7294.00
1001726 7300.00
1002738 7300.00
1003753 7296.00
1004756 7297.00
1005756 7302.00
1006775 7299.00
1007783 7300.00
1008794 7299.00
1009796 7297.00
1010808 7298.00
1011814 7301.00
1012821 7295.00
1013826 7295.00
1014833 7302.00
1015844 7301.00
1016861 7304.00
1017880 7304.00
1018896 7297.00
1019903 7299.00
1020917 7295.00
1021938 7297.00
1022938 7300.00
1023942 7302.00
1024955 7301.00
1025956 7296.00
1026961 7297.00
1027973 7298.00
1028978 7298.00
1029984 7296.00
1030989 7297.00
1031994 7294.00
1033013 7296.00
1034030 7293.00
1035039 7290.00
1036045 7295.00
1037046 7286.00
1038061 7285.00
1039071 7287.00
1040071 7288.00
1041075 7288.00
1042082 7290.00
1043083 7286.00
1044084 7286.00
1045084 7275.00
1046095 7249.00
1047106 7250.00
1048124 7254.00
1049132 7308.00
1050149 7317.00
1051164 7318.00
1052176 7315.00
1053195 7313.00
1054206 7316.00
1055216 7318.00
1056226 7314.00
1057244 7313.00
1058256 7315.00
1059272 7320.00
1060288 7303.00
1061294 7297.00
1062301 7290.00
1063305 7296.00
1064322 7290.00
1065322 7289.00
1066327 7291.00
1067327 7290.00
1068346 7290.00
1069367 7286.00
1070385 7287.00
1071396 7288.00
1072409 7293.00
1073409 7295.00
1074422 7294.00
1075437 7291.00
1076456 7293.00
1077459 7294.00
1078473 7293.00
1079485 7287.00
1080502 7290.00
1081514 7292.00
1082527 7269.00
1083527 7253.00
1084546 7263.00
1085551 7268.00
1086556 7273.00
1087563 7273.00
1088568 7281.00
1089575 7275.00
1090582 7285.00
1091598 7280.00
1092605 7277.00
1093606 7276.00
1094613 7275.00
1095617 7280.00
1096621 7279.00
1097622 7278.00
1098634 7276.00
1099645 7284.00
1100656 7279.00
1101667 7278.00
1102674 7282.00
1103675 7280.00
1104695 7278.00
1105714 7277.00
1106716 7283.00
1107724 7278.00
1108734 7280.00
1109740 7278.00
1110741 7281.00
1111761 7279.00
1112772 7279.00
1113775 7279.00
1114776 7280.00
1115785 7277.00
1116794 7277.00
1117795 7278.00
1118807 7276.00
1119820 7279.00
1120820 7278.00
1121836 7278.00
1122845 7278.00
1123846 7279.00
1124855 7270.00
1125866 7274.00
1126883 7275.00
1127888 7280.00
1128894 7277.00
1129901 7279.00
1130914 7279.00
1131924 7279.00
1132935 7282.00
1133941 7282.00
1134945 7282.00
1135953 7281.00
1136970 7284.00
1137976 7285.00
1138995 7280.00
1140003 7280.00
1141021 7281.00
1142043 7277.00
1143055 7274.00
1144057 7279.00
1145072 7275.00
1146088 7275.00
1147106 7279.00
1148115 7280.00
1149121 7281.00
1150134 7280.00
1151139 7267.00
1152140 7259.00
1153145 7263.00
1154156 7266.00
1155157 7266.00
1156162 7267.00
1157163 7265.00
1158177 7271.00
1159184 7266.00
1160191 7285.00
1161202 7306.00
1162221 7305.00
1163230 7304.00
1164247 7303.00
1165247 7301.00
1166248 7301.00
1167254 7305.00
1168272 7303.00
1169291 7302.00
1170306 7299.00
1171325 7279.00
1172344 7286.00
1173361 7285.00
1174365 7282.00
1175367 7285.00
1176385 7284.00
1177385 7286.00
1178389 7287.00
1179393 7286.00
1180393 7282.00
1181394 7285.00
1182407 7287.00
1183412 7288.00
1184424 7284.00
1185437 7282.00
1186438 7283.00
1187441 7287.00
1188446 7286.00
1189446 7284.00
1190465 7287.00
1191484 7272.00
1192495 7253.00
1193513 7265.00
1194519 7282.00
1195538 7282.00
1196549 7282.00
1197564 7283.00
1198565 7274.00
1199575 7272.00
1200596 7271.00
1201606 7269.00
1202625 7272.00
1203625 7269.00
1204634 7272.00
1205646 7272.00
1206662 7269.00
1207677 7268.00
1208680 7273.00
1209682 7275.00
1210694 7274.00
1211705 7273.00
1212721 7270.00
1213737 7269.00
1214740 7269.00
1215746 7269.00
1216748 7269.00
1217754 7273.00
1218759 7275.00
1219764 7276.00
1220767 7275.00
1221773 7270.00
1222777 7270.00
1223792 7269.00
1224808 7273.00
1225825 7273.00
1226843 7266.00
1227857 7777.00
1228875 8893.00
1229887 8961.00
1230887 8958.00
1231896 8952.00
1232907 8946.00
1233911 8944.00
1234918 8943.00
1235934 8941.00
1236937 8937.00
1237950 8937.00
1238958 8938.00
1239969 8935.00
1240974 8939.00
1241983 8940.00
1242984 8938.00
1243997 8938.00
1245014 8940.00
1246018 8948.00
1247036 8943.00
1248053 8946.00
1249067 8948.00
1250083 8949.00
1251088 8946.00
1252101 8949.00
1253103 8954.00
1254121 8954.00
1255132 8950.00
1256140 8957.00
1257143 8959.00
1258156 8960.00
1259168 8961.00
1260184 8962.00
1261202 8964.00
1262204 8966.00
1263217 8963.00
1264226 8967.00
1265234 8971.00
1266247 8970.00
1267269 8973.00
1268280 8972.00
1269281 8973.00
1270287 8976.00
1271293 8979.00
1272305 8980.00
1273306 8985.00
1274318 8985.00
1275336 8987.00
1276348 8992.00
1277358 8989.00
1278385 8988.00
1279404 8990.00
1280416 8987.00
1281420 8987.00
1282424 8987.00
1283428 8990.00
1284428 8987.00
1285445 8991.00
1286459 8995.00
1287465 8996.00
1288467 8997.00
1289487 8996.00
1290497 8996.00
1291512 9001.00
1292517 8999.00
1293528 9000.00
1294543 9001.00
1295549 9003.00
1296557 9008.00
1297564 9007.00
1298575 9011.00
1299579 9011.00
1300587 9010.00
1301594 9012.00
1302597 9013.00
1303600 9016.00
1304616 9016.00
1305623 9017.00
1306631 9018.00
1307643 9018.00
1308646 9019.00
1309654 9018.00
1310659 9026.00
1311666 9023.00
1312682 9024.00
1313688 9026.00
1314697 9028.00
1315711 9028.00
1316715 9026.00
1317717 9028.00
1318728 9029.00
1319738 9027.00
1320751 9031.00
1321755 9029.00
1322758 9027.00
1323768 9030.00
1324786 9030.00
1325799 9025.00
1326807 9036.00
1327811 9028.00
1328827 9034.00
1329832 9035.00
1330847 9034.00
1331864 9031.00
1332876 9036.00
1333886 9036.00
1334897 9033.00
1335916 9039.00
1336926 9038.00
1337938 9039.00
1338939 9040.00
1339957 9039.00
1340968 9046.00
1341976 9040.00
1342987 9041.00
1344004 9046.00
1345013 9043.00
1346031 9047.00
1347034 9044.00
1348053 9048.00
1349064 9048.00
1350080 9047.00
1351097 9048.00
1352100 9051.00
1353100 9050.00
1354109 9053.00
1355117 9054.00
1356117 9051.00
1357127 9052.00
1358129 9050.00
1359136 9054.00
1360139 9054.00
1361139 9057.00
1362142 9062.00
1363149 9057.00
1364167 9051.00
1365186 9051.00
1366188 9049.00
1367192 9051.00
1368198 9056.00
1369203 9055.00
1370216 9056.00
1371219 9059.00
1372229 9055.00
1373229 9058.00
1374242 9057.00
1375246 9058.00
1376249 9057.00
1377256 9055.00
1378270 9062.00
1379279 9057.00
1380289 9054.00
1381289 9056.00
1382299 9061.00
1383306 9061.00
1384327 9062.00
1385345 9058.00
1386348 9060.00
1387358 9063.00
1388369 9063.00
1389378 9066.00
1390393 9067.00
1391411 9063.00
1392419 9067.00
1393422 9070.00
1394433 9072.00
1395448 9067.00
1396462 9070.00
1397468 9073.00
1398469 9073.00
1399483 9072.00
1400499 9073.00
1401509 9072.00
1402528 9073.00
1403530 9074.00
1404547 9075.00
1405564 9074.00
1406565 9075.00
1407569 9075.00
1408576 9004.00
1409591 8554.00
1410606 7467.00
1411616 7460.00
1412635 7457.00
1413650 7461.00
1414666 7461.00
1415669 7461.00
1416687 7457.00
1417699 7451.00
1418716 7433.00
1419729 7443.00
1420745 7465.00
1421752 7455.00
1422763 7446.00
1423768 7440.00
1424768 7434.00
1425774 7436.00
1426778 7433.00
1427788 7430.00
1428798 7437.00
1429817 7428.00
1430822 7428.00
1431824 7426.00
1432835 7423.00
1433845 7414.00
1434863 7405.00
1435876 7418.00
1436878 7444.00
1437899 7441.00
1438907 7445.00
1439920 7443.00
1440923 7439.00
1441927 7441.00
1442940 7441.00
1443950 7436.00
1444959 7433.00
1445959 7432.00
1446976 7430.00
1447986 7428.00
1448989 7432.00
1450001 7427.00
1451020 7426.00
1452026 7427.00
1453028 7425.00
1454037 7423.00
1455052 7420.00
1456055 7414.00
1457070 7361.00
1458088 7361.00
1459107 7357.00
1460124 7414.00
1461126 7410.00
1462145 7418.00
1463145 7413.00
1464155 7399.00
1465155 7391.00
1466162 7377.00
1467168 7376.00
1468186 7362.00
1469198 7365.00
1470206 7380.00
1471220 7377.00
1472242 7378.00
1473259 7379.00
1474265 7377.00
1475272 7373.00
1476281 7379.00
1477283 7376.00
1478298 7369.00
1479316 7364.00
1480319 7349.00
1481342 7342.00
1482351 7355.00
1483361 7360.00
1484363 7359.00
1485372 7358.00
1486377 7359.00
1487377 7358.00
1488396 7359.00
1489403 7355.00
1490421 7355.00
1491428 7356.00
1492446 7353.00
1493447 7358.00
1494464 7359.00
1495477 7358.00
1496487 7356.00
1497487 7356.00
1498488 7359.00
1499488 7358.00
1500503 7358.00
1501514 7358.00
1502528 7360.00
1503533 7366.00
1504539 7362.00
1505557 7362.00
1506571 7356.00
1507579 7357.00
1508582 7353.00
1509585 7355.00
1510595 7355.00
1511598 7347.00
1512613 7348.00
1513627 7345.00
1514635 7344.00
1515639 7345.00
1516656 7338.00
1517670 7342.00
1518688 7341.00
1519705 7338.00
1520719 7335.00
1521742 7334.00
1522759 7338.00
1523767 7338.00
1524773 7344.00
1525788 7338.00
1526798 7339.00
1527799 7339.00
1528802 7341.00
1529809 7342.00
1530809 7341.00
1531819 7346.00
1532838 7369.00
1533842 7375.00
1534857 7377.00
1535858 7372.00
1536874 7375.00
1537891 7373.00
1538897 7374.00
1539903 7352.00
1540912 7317.00
1541926 7320.00
1542928 7314.00
1543939 7310.00
1544939 7315.00
1545945 7323.00
1546949 7325.00
1547959 7328.00
1548970 7326.00
1549988 7327.00
1551007 7325.00
1552013 7325.00
1553025 7328.00
1554037 7334.00
1555042 7330.00
1556050 7331.00
1557059 7327.00
1558061 7322.00
1559076 7324.00
1560088 7325.00
1561104 7324.00
1562107 7324.00
1563112 7323.00
1564124 7323.00
1565127 7319.00
1566142 7319.00
1567146 7328.00
1568147 7322.00
1569160 7323.00
1570169 7324.00
1571183 7328.00
1572199 7326.00
1573220 7322.00
1574242 7315.00
1575249 7313.00
1576268 7310.00
1577278 7314.00
1578292 7318.00
1579306 7314.00
1580326 7320.00
1581339 7315.00
1582346 7314.00
1583353 7320.00
1584365 7324.00
1585366 7322.00
1586386 7320.00
1587386 7317.00
1588401 7318.00
1589410 7318.00
1590426 7318.00
1591446 7320.00
1592456 7317.00
1593465 7317.00
1594477 7314.00
1595489 7316.00
1596508 7316.00
1597514 7314.00
1598530 7312.00
1599535 7314.00
1600541 7312.00
1601558 7323.00
1602558 7348.00
1603559 7344.00
1604569 7315.00
1605588 7301.00
1606590 7305.00
1607590 7301.00
1608592 7305.00
1609611 7305.00
1610619 7303.00
1611631 7304.00
1612633 7282.00
1613645 7253.00
1614653 7264.00
1615672 7331.00
1616677 7348.00
1617690 7349.00
1618699 7346.00
1619699 7350.00
1620717 7350.00
1621724 7352.00
1622732 7350.00
1623748 7342.00
1624757 7346.00
1625757 7344.00
1626767 7340.00
1627777 7321.00
1628796 7295.00
1629801 7300.00
1630811 7278.00
1631827 7248.00
1632846 7242.00
1633850 7239.00
1634864 7292.00
1635877 7376.00
1636891 7307.00
1637908 7273.00
1638925 7290.00
1639939 7334.00
1640939 7336.00
1641941 7331.00
1642946 7323.00
1643950 7320.00
1644950 7318.00
1645966 7318.00
1646982 7316.00
1647999 7317.00
1649010 7316.00
1650029 7312.00
1651039 7313.00
1652055 7314.00
1653059 7312.00
1654068 7311.00
1655083 7294.00
1656096 7261.00
1657109 7263.00
1658127 7264.00
1659146 7269.00
1660148 7268.00
1661157 7279.00
1662170 7277.00
1663177 7276.00
1664179 7279.00
1665189 7279.00
1666207 7273.00
1667218 7274.00
1668219 7271.00
1669223 7269.00
1670227 7272.00
1671234 7270.00
1672243 7272.00
1673258 7276.00
1674276 7273.00
1675277 7274.00
1676278 7273.00
1677292 7278.00
1678297 7281.00
1679300 7277.00
1680310 7277.00
1681316 7268.00
1682318 7260.00
1683329 7268.00
1684343 7269.00
1685356 7278.00
1686365 7282.00
1687370 7278.00
1688379 7286.00
1689380 7287.00
1690385 7287.00
1691396 7285.00
1692396 7277.00
1693398 7273.00
1694415 7276.00
1695420 7276.00
1696436 7272.00
1697441 7282.00
1698457 7312.00
1699458 7318.00
1700469 7314.00
1701479 7314.00
1702496 7316.00
1703507 7314.00
1704507 7313.00
1705523 7312.00
1706537 7312.00
1707551 7306.00
1708564 7305.00
1709576 7306.00
1710578 7308.00
1711588 7311.00
1712605 7313.00
1713608 7310.00
1714618 7310.00
1715629 7308.00
1716637 7294.00
1717651 7273.00
1718651 7269.00
1719669 7263.00
1720677 7264.00
1721692 7262.00
1722713 7260.00
1723726 7260.00
1724735 7265.00
1725749 7288.00
1726758 7287.00
1727768 7303.00
1728779 7302.00
1729787 7302.00
1730799 7296.00
1731816 7295.00
1732826 7296.00
1733844 7297.00
1734855 7295.00
1735864 7292.00
1736876 7298.00
1737877 7302.00
1738891 7301.00
1739897 7306.00
1740905 7308.00
1741920 7309.00
1742935 7307.00
1743939 7307.00
1744944 7306.00
1745949 7307.00
1746963 7305.00
1747978 7308.00
1748978 7303.00
1749980 7304.00
1750991 7308.00
1752005 7304.00
1753016 7303.00
1754020 7303.00
1755025 7307.00
1756025 7305.00
1757037 7308.00
1758044 7304.00
1759047 7307.00
1760050 7303.00
1761067 7307.00
1762080 7308.00
1763084 7307.00
1764099 7307.00
1765100 7306.00
1766113 7311.00
1767124 7312.00
1768139 7308.00
1769148 7309.00
1770148 7308.00
1771157 7305.00
1772177 7305.00
1773189 7301.00
1774190 7286.00
1775198 7284.00
1776214 7285.00
1777220 7282.00
1778220 7278.00
1779237 7280.00
1780237 7290.00
1781238 7292.00
1782245 7297.00
1783267 7299.00
1784271 7300.00
1785290 7302.00
1786299 7304.00
1787300 7297.00
1788310 7299.00
1789317 7301.00
1790331 7302.00
1791346 7302.00
1792352 7302.00
1793370 7302.00
1794389 7301.00
1795389 7301.00
1796398 7302.00
1797405 7300.00
1798411 7299.00
1799420 7303.00
1800423 7300.00
1801438 7296.00
1802457 7294.00
1803458 7297.00
1804471 7294.00
1805486 7295.00
1806489 7292.00
1807507 7295.00
1808519 7290.00
1809522 7289.00
1810525 7291.00
1811534 7287.00
1812542 7289.00
1813551 7290.00
1814566 7292.00
1815571 7290.00
1816577 7282.00
1817593 7285.00
1818610 7282.00
1819629 7279.00
1820643 7289.00
1821648 7290.00
1822654 7288.00
1823660 7289.00
1824679 7288.00
1825696 7287.00
1826710 7287.00
1827725 7293.00
1828738 7286.00
1829739 7297.00
1830747 7298.00
1831749 7292.00
1832754 7295.00
1833762 7286.00
1834770 7281.00
1835780 7279.00
1836789 7295.00
1837799 7297.00
1838802 7294.00
1839811 7292.00
1840824 7290.00
1841833 7283.00
1842852 7286.00
1843857 7284.00
1844857 7283.00
1845870 7291.00
1846870 7286.00
1847886 7289.00
1848900 7289.00
1849903 7284.00
1850907 7291.00
1851920 7288.00
1852937 7292.00
1853937 7289.00
1854949 7288.00
1855956 7292.00
1856960 7291.00
1857979 7292.00
1858997 7287.00
1859998 7293.00
1861011 7292.00
1862030 7292.00
1863049 7274.00
1864061 7248.00
1865071 7216.00
1866089 7214.00
1867089 7214.00
1868108 7222.00
1869124 7229.00
1870141 7247.00
1871151 7263.00
1872166 7253.00
1873166 7253.00
1874185 7260.00
1875190 7259.00
1876197 7254.00
1877210 7249.00
1878210 7249.00
1879226 7250.00
1880239 7246.00
1881253 7249.00
1882257 7248.00
1883259 7252.00
1884260 7249.00
1885282 7247.00
1886284 7248.00
1887294 7253.00
1888294 7252.00
1889309 7252.00
1890318 7253.00
1891320 7249.00
1892332 7247.00
1893349 7252.00
1894354 7256.00
1895363 7255.00
1896372 7254.00
1897380 7248.00
1898391 7253.00
1899407 7255.00
1900417 7255.00
1901417 7253.00
1902431 7250.00
1903439 7248.00
1904458 7255.00
1905461 7254.00
1906480 7257.00
1907495 7257.00
1908501 7256.00
1909520 7250.00
1910537 7248.00
1911538 7246.00
1912539 7246.00
1913555 7248.00
1914559 7251.00
1915570 7251.00
1916587 7257.00
1917600 7256.00
1918614 7253.00
1919615 7252.00
1920631 7256.00
1921639 7257.00
1922647 7252.00
1923651 7253.00
1924652 7254.00
1925655 7253.00
1926670 7252.00
1927674 7249.00
1928693 7254.00
1929699 7250.00
1930714 7252.00
1931714 7249.00
1932717 7245.00
1933721 7246.00
1934721 7246.00
1935739 7244.00
1936739 7244.00
1937743 7250.00
1938749 7246.00
1939751 7246.00
1940751 7251.00
1941763 7248.00
1942765 7247.00
1943782 7250.00
1944789 7249.00
1945790 7251.00
1946790 7249.00
1947798 7250.00
1948803 7250.00
1949810 7246.00
1950822 7244.00
1951839 7247.00
1952851 7244.00
1953858 7252.00
1954860 7255.00
1955877 7250.00
1956884 7252.00
1957897 7252.00
1958910 7250.00
1959921 7252.00
1960939 7254.00
1961949 7235.00
1962951 7241.00
1963969 7249.00
1964972 7253.00
1965979 7250.00
1966988 7246.00
1967997 7248.00
1969002 7254.00
1970019 7251.00
1971034 7253.00
1972041 7254.00
1973051 7252.00
1974058 7252.00
1975063 7253.00
1976077 7252.00
1977089 7248.00
1978089 7250.00
1979093 7254.00
1980111 7254.00
1981111 7256.00
1982127 7252.00
1983139 7255.00
1984140 7254.00
1985147 7251.00
1986158 7251.00
1987172 7252.00
1988178 7254.00
1989193 7252.00
1990211 7252.00
1991222 7251.00
1992224 7253.00
1993244 7253.00
1994253 7254.00
1995266 7256.00
1996278 7256.00
1997278 7251.00
1998283 7259.00
1999301 7253.00
2000323 7256.00
2001341 7250.00
2002341 7249.00
2003360 7254.00
2004363 7249.00
2005374 7254.00
2006389 7256.00
2007401 7261.00
2008410 7260.00
2009412 7257.00
2010414 7261.00
2011419 7261.00
2012439 7266.00
2013441 7262.00
2014453 7260.00
2015459 7259.00
2016464 7260.00
2017478 7263.00
2018486 7257.00
2019491 7258.00
2020502 8256.00
2021503 9077.00
2022521 9076.00
2023532 9070.00
2024543 9065.00
2025561 9057.00
2026579 9054.00
2027583 9057.00
2028584 9051.00
2029590 9052.00
2030593 9057.00
2031607 9052.00
2032621 9053.00
2033621 9054.00
2034630 9050.00
2035650 9057.00
2036666 9053.00
2037669 9053.00
2038680 9057.00
2039680 9057.00
2040693 9060.00
2041699 9064.00
2042711 9062.00
2043728 9064.00
2044729 9067.00
2045732 9070.00
2046751 9074.00
2047759 9075.00
2048773 9077.00
2049787 9076.00
2050801 9080.00
2051811 9078.00
2052811 9081.00
2053829 9086.00
2054845 9085.00
2055851 9085.00
2056870 9088.00
2057871 9089.00
2058889 9093.00
2059900 9098.00
2060915 9098.00
2061919 9099.00
2062933 9098.00
2063946 9107.00
2064967 9105.00
2065969 9106.00
2066972 9108.00
2067981 9113.00
2068986 9111.00
2070006 9116.00
2071019 9117.00
2072032 9120.00
2073055 9116.00
2074071 9117.00
2075086 9117.00
2076092 9125.00
2077107 9128.00
2078121 9130.00
2079131 9131.00
2080136 9130.00
2081149 9127.00
2082164 9134.00
2083176 9135.00
2084195 9137.00
2085201 9135.00
2086202 9137.00
2087221 9139.00
2088241 9142.00
2089257 9143.00
2090263 9146.00
2091268 9142.00
2092275 9141.00
2093286 9141.00
2094289 9143.00
2095298 9146.00
2096310 9147.00
2097325 9146.00
2098335 9147.00
2099348 9150.00
2100348 9147.00
2101348 9148.00
2102350 9147.00
2103351 9146.00
2104357 9149.00
2105361 9152.00
2106372 9154.00
2107384 9160.00
2108402 9160.00
2109412 9154.00
2110417 9154.00
2111420 9154.00
2112420 9156.00
2113434 9155.00
2114440 9152.00
2115440 9157.00
2116442 9159.00
2117454 9160.00
2118470 9160.00
2119486 9158.00
2120501 9165.00
2121520 9168.00
2122522 9170.00
2123540 9166.00
2124540 9166.00
2125543 9170.00
2126562 9171.00
2127576 9170.00
2128591 9160.00
2129610 9182.00
2130622 8563.00
2131633 7461.00
2132639 7438.00
2133639 7441.00
2134641 7438.00
2135641 7437.00
2136643 7440.00
2137662 7440.00
2138674 7441.00
2139684 7443.00
2140692 7446.00
2141701 7441.00
2142709 7444.00
2143709 7436.00
2144720 7436.00
2145735 7436.00
2146736 7435.00
2147752 7431.00
2148759 7432.00
2149759 7426.00
2150773 7425.00
2151780 7424.00
2152793 7423.00
2153811 7416.00
2154818 7423.00
2155830 7421.00
2156842 7422.00
2157861 7415.00
2158879 7410.00
2159879 7401.00
2160882 7401.00
2161897 7402.00
2162913 7403.00
2163931 7403.00
2164941 7405.00
2165943 7404.00
2166961 7404.00
2167965 7406.00
2168984 7403.00
2169996 7399.00
2171011 7395.00
2172019 7392.00
2173023 7389.00
2174029 7387.00
2175038 7389.00
2176039 7385.00
2177056 7386.00
2178061 7382.00
2179061 7380.00
2180073 7379.00
2181090 7377.00
2182094 7379.00
2183103 7375.00
2184115 7379.00
2185119 7382.00
2186122 7383.00
2187125 7375.00
2188136 7374.00
2189157 7377.00
2190169 7371.00
2191173 7369.00
2192183 7365.00
2193198 7363.00
2194201 7365.00
2195208 7365.00
2196211 7361.00
2197217 7355.00
2198225 7359.00
2199235 7358.00
2200253 7360.00
2201272 7359.00
2202290 7358.00
2203309 7360.00
2204322 7355.00
2205323 7355.00
2206331 7355.00
2207338 7353.00
2208360 7353.00
2209379 7352.00
2210379 7354.00
2211384 7352.00
2212400 7352.00
2213411 7354.00
2214431 7348.00
2215442 7350.00
2216454 7345.00
2217461 7342.00
2218479 7346.00
2219493 7341.00
2220511 7348.00
2221517 7341.00
2222536 7341.00
2223551 7345.00
2224553 7346.00
2225566 7338.00
2226574 7336.00
2227576 7331.00
2228585 7329.00
2229596 7328.00
2230615 7322.00
2231621 7334.00
2232631 7328.00
2233648 7331.00
2234664 7326.00
2235677 7326.00
2236693 7324.00
2237697 7324.00
2238711 7324.00
2239730 7323.00
2240732 7324.00
2241748 7315.00
2242750 7317.00
2243754 7315.00
2244773 7313.00
2245790 7316.00
2246794 7315.00
2247813 7311.00
2248816 7316.00
2249823 7313.00
2250834 7311.00
2251851 7310.00
2252868 7312.00
2253889 7311.00
2254896 7314.00
2255907 7319.00
2256924 7312.00
2257930 7312.00
2258936 7313.00
2259947 7305.00
2260962 7314.00
2261977 7313.00
2262983 7311.00
2263994 7309.00
2265011 7307.00
2266017 7309.00
2267032 7309.00
2268034 7300.00
2269043 7304.00
2270047 7302.00
2271061 7303.00
2272071 7306.00
2273089 7304.00
2274102 7308.00
2275106 7301.00
2276116 7305.00
2277132 7305.00
2278133 7303.00
2279134 7302.00
2280140 7302.00
2281152 7302.00
2282171 7301.00
2283189 7302.00
2284202 7302.00
2285220 7300.00
2286224 7301.00
2287224 7299.00
2288237 7298.00
2289243 7297.00
2290251 7297.00
2291266 7295.00
2292284 7297.00
2293297 7297.00
2294299 7296.00
2295304 7291.00
2296317 7296.00
2297340 7292.00
2298341 7294.00
2299342 7294.00
2300353 7291.00
2301353 7288.00
2302362 7293.00
2303380 7298.00
2304396 7293.00
2305396 7290.00
2306403 7292.00
2307416 7297.00
2308435 7294.00
2309450 7291.00
2310460 7291.00
2311467 7290.00
2312488 7291.00
2313496 7292.00
2314509 7290.00
2315520 7290.00
2316522 7291.00
2317522 7290.00
2318524 7287.00
2319531 7287.00
2320539 7282.00
2321550 7283.00
2322558 7290.00
2323568 7282.00
2324582 7283.00
2325601 7282.00
2326620 7281.00
2327626 7283.00
2328643 7285.00
2329653 7282.00
2330672 7277.00
2331691 7280.00
2332698 7280.00
2333701 7279.00
2334711 7281.00
2335711 7285.00
2336730 7280.00
2337746 7279.00
2338753 7281.00
2339772 7277.00
2340778 7279.00
2341779 7280.00
2342780 7283.00
2343794 7281.00
2344805 7283.00
2345821 7282.00
2346838 7282.00
2347847 7281.00
2348853 7284.00
2349869 7284.00
2350884 7279.00
2351891 7277.00
2352894 7283.00
2353898 7280.00
2354918 7276.00
2355924 7279.00
2356940 7276.00
2357956 7280.00
2358957 7280.00
2359961 7276.00
2360973 7280.00
2361984 7275.00
2363000 7272.00
2364008 7271.00
2365011 7275.00
2366014 7275.00
2367019 7270.00
2368037 7270.00
2369040 7277.00
2370050 7275.00
2371066 7278.00
2372076 7276.00
2373090 7277.00
2374110 7272.00
2375121 7274.00
2376129 7270.00
2377130 7273.00
2378131 7273.00
2379133 7269.00
2380148 7273.00
2381152 7272.00
2382159 7270.00
2383160 7274.00
2384173 7270.00
2385190 7276.00
2386194 7273.00
2387202 7269.00
2388213 7269.00
2389224 7268.00
2390225 7266.00
2391241 7267.00
2392263 7267.00
2393281 7266.00
2394298 7268.00
2395301 7273.00
2396312 7272.00
2397315 7271.00
2398328 7266.00
2399332 7274.00
2400349 7274.00
2401364 7276.00
2402377 7272.00
2403383 7271.00
2404402 7270.00
2405402 7269.00
2406405 7271.00
2407405 7272.00
2408416 7264.00
2409422 7264.00
2410433 7269.00
2411434 7266.00
2412445 7268.00
2413462 7268.00
2414469 7270.00
2415484 7272.00
2416500 7275.00
2417514 7271.00
2418525 7270.00
2419543 7270.00
2420555 7269.00
2421564 7272.00
2422564 7267.00
2423575 7266.00
2424584 7267.00
2425602 7264.00
2426609 7264.00
2427613 7262.00
2428617 7265.00
2429638 7265.00
2430654 7266.00
2431665 7268.00
2432675 7268.00
2433691 7272.00
2434708 7267.00
2435712 7265.00
2436714 7269.00
2437720 7270.00
2438724 7265.00
2439726 7267.00
2440743 7268.00
2441765 7260.00
2442775 7264.00
2443783 7261.00
2444788 7271.00
2445798 7269.00
2446805 7272.00
2447815 7267.00
2448822 7268.00
2449830 7271.00
2450832 7268.00
2451839 7271.00
2452854 7269.00
2453855 7271.00
2454858 7266.00
2455863 7270.00
2456871 7273.00
2457878 7270.00
2458890 7268.00
2459907 7269.00
2460915 7274.00
2461921 7273.00
2462926 7267.00
2463935 7271.00
2464951 7269.00
2465961 7268.00
2466964 7265.00
2467982 7267.00
2468997 7257.00
2470002 7265.00
2471002 7262.00
2472004 7267.00
2473023 7259.00
2474037 7263.00
2475042 7259.00
2476043 7259.00
2477061 7260.00
2478078 7263.00
2479079 7257.00
2480095 7256.00
2481098 7256.00
2482099 7254.00
2483115 7253.00
2484122 7250.00
2485125 7251.00
2486143 7253.00
2487159 7249.00
2488166 7249.00
2489182 7250.00
2490199 7252.00
2491209 7245.00
2492216 7250.00
2493224 7252.00
2494231 7248.00
2495244 7248.00
2496245 7251.00
2497263 7252.00
2498264 7252.00
2499268 7255.00
2500285 7254.00
2501303 7252.00
2502316 7254.00
2503320 7253.00
2504325 7255.00
2505328 7252.00
2506335 7252.00
2507353 7247.00
2508364 7250.00
2509364 7249.00
2510372 7252.00
2511373 7248.00
2512382 7251.00
2513392 7252.00
2514392 7256.00
2515395 7251.00
2516414 7251.00
2517422 7247.00
2518427 7249.00
2519445 7246.00
2520445 7246.00
2521462 7249.00
2522463 7247.00
2523465 7245.00
2524466 7245.00
2525474 7249.00
2526481 7244.00
2527484 7252.00
2528494 7249.00
2529496 7251.00
2530504 7248.00
2531504 7248.00
2532507 7249.00
2533515 7246.00
2534534 7250.00
2535543 7249.00
2536551 7246.00
2537563 7246.00
2538581 7249.00
2539584 7248.00
2540600 7248.00
2541614 7252.00
2542626 7254.00
2543637 7255.00
2544637 7254.00
2545655 7254.00
2546674 7248.00
2547676 7253.00
2548684 7252.00
2549688 7248.00
2550695 7252.00
2551695 7258.00
2552704 7256.00
2553720 7255.00
2554729 7253.00
2555738 7257.00
2556746 7256.00
2557746 7259.00
2558754 7257.00
2559763 7256.00
2560778 7257.00
2561789 7254.00
2562805 7257.00
2563816 7260.00
2564827 7259.00
2565835 7258.00
2566847 7254.00
2567865 7255.00
2568883 7252.00
2569894 7251.00
2570913 7253.00
2571913 7249.00
2572928 7250.00
2573937 7251.00
2574944 7250.00
2575950 7244.00
2576962 7248.00
2577974 7243.00
2578979 7249.00
2579986 7254.00
2580994 7250.00
2582005 7253.00
2583014 7251.00
2584018 7247.00
2585027 7248.00
2586045 7249.00
2587053 7251.00
2588057 7246.00
2589070 7241.00
2590070 7244.00
2591075 7242.00
2592086 7243.00
2593104 7242.00
2594106 7244.00
2595107 7248.00
2596122 7252.00
2597132 7244.00
2598143 7246.00
2599145 7247.00
2600151 7254.00
2601153 7255.00
2602162 7254.00
2603169 7254.00
2604179 7254.00
2605198 7251.00
2606221 7253.00
2607225 7249.00
2608237 7251.00
2609245 7248.00
2610258 7255.00
2611268 7256.00
2612271 7253.00
2613274 7253.00
2614281 7255.00
2615298 7251.00
2616311 7251.00
2617316 7252.00
2618332 7254.00
2619344 7257.00
2620350 7256.00
2621355 7254.00
2622359 7253.00
2623367 7251.00
2624377 7251.00
2625394 7251.00
2626409 7253.00
2627424 7254.00
2628440 7252.00
2629451 7253.00
2630464 7254.00
2631479 7254.00
2632480 7257.00
2633496 7253.00
2634507 7253.00
2635523 7249.00
2636542 7252.00
2637547 7253.00
2638557 7251.00
2639557 7248.00
2640567 7250.00
2641578 7254.00
2642578 7250.00
2643595 7247.00
2644601 7254.00
2645606 7249.00
2646606 7252.00
2647608 7256.00
2648627 7257.00
2649633 7243.00
2650641 7252.00
2651655 7253.00
2652655 7259.00
2653664 7262.00
2654670 7254.00
2655690 7260.00
2656696 7259.00
2657705 7255.00
2658716 7258.00
2659725 7260.00
2660741 7260.00
2661758 7261.00
2662762 7256.00
2663776 7256.00
2664780 7252.00
2665797 7254.00
2666806 7258.00
2667817 7254.00
2668821 7256.00
2669836 7259.00
2670837 7252.00
2671848 7255.00
2672871 7259.00
2673885 7254.00
2674885 7252.00
2675893 7254.00
2676903 7253.00
2677913 7254.00
2678927 7254.00
2679933 7253.00
2680945 7250.00
2681954 7254.00
2682976 7251.00
2683984 7247.00
2684998 7249.00
2686006 7251.00
2687014 7250.00
2688021 7247.00
2689029 7248.00
2690045 7246.00
2691055 7246.00
2692068 7243.00
2693075 7244.00
2694095 7241.00
2695098 7244.00
2696112 7243.00
2697116 7246.00
2698134 7246.00
2699136 7244.00
2700146 7240.00
2701160 7248.00
2702181 7241.00
2703186 7245.00
2704197 7248.00
2705206 7247.00
2706219 7243.00
2707222 7243.00
2708238 7243.00
2709245 7242.00
2710254 7241.00
2711257 7243.00
2712277 7247.00
2713294 7246.00
2714309 7245.00
2715325 7246.00
2716327 7245.00
2717328 7241.00
2718329 7244.00
2719332 7249.00
2720347 7245.00
2721359 7245.00
2722362 7251.00
2723377 7249.00
2724389 7252.00
2725394 7246.00
2726406 7246.00
2727409 7247.00
2728420 7247.00
2729425 7255.00
2730427 7252.00
2731427 7249.00
2732429 7253.00
2733448 7248.00
2734449 7248.00
2735468 7244.00
2736478 8285.00
2737496 9225.00
2738506 9235.00
2739509 9223.00
2740523 9216.00
2741533 9223.00
2742546 9212.00
2743546 9207.00
2744547 9203.00
2745565 9200.00
2746569 9207.00
2747582 9205.00
2748597 9198.00
2749607 9203.00
2750608 9204.00
2751619 9204.00
2752629 9206.00
2753642 9210.00
2754662 9209.00
2755680 9211.00
2756696 9216.00
2757696 9220.00
2758710 9222.00
2759722 9225.00
2760728 9224.00
2761744 9226.00
2762750 9230.00
2763769 9231.00
2764788 9235.00
2765806 9236.00
2766817 9235.00
2767818 9236.00
2768828 9245.00
2769830 9245.00
2770845 9251.00
2771855 9249.00
2772859 9251.00
2773864 9256.00
2774870 9254.00
2775882 9256.00
2776899 9256.00
2777908 9264.00
2778908 9269.00
2779912 9261.00
2780920 9271.00
2781927 9268.00
2782928 9266.00
2783947 9272.00
2784947 9273.00
2785948 9275.00
2786950 9277.00
2787959 9282.00
2788971 9279.00
2789977 9283.00
2790988 9282.00
2791992 9283.00
2793002 9286.00
2794017 9289.00
2795030 9290.00
2796044 9288.00
2797049 9289.00
2798063 9292.00
2799074 9294.00
2800091 9296.00
2801106 9295.00
2802121 9292.00
2803138 9299.00
2804148 9298.00
2805154 9301.00
2806171 9301.00
2807173 9304.00
2808176 9302.00
2809183 9305.00
2810187 9309.00
2811187 9306.00
2812191 9309.00
2813208 9308.00
2814214 9312.00
2815216 9311.00
2816229 9313.00
2817230 9314.00
2818238 9314.00
2819241 9315.00
2820243 9319.00
2821249 9317.00
2822266 9314.00
2823273 9318.00
2824281 9325.00
2825298 9319.00
2826303 9320.00
2827309 9314.00
2828322 9322.00
2829339 9320.00
2830349 9325.00
2831349 9325.00
2832352 9324.00
2833361 9322.00
2834370 9323.00
2835388 9324.00
2836401 9323.00
2837418 9322.00
2838426 9325.00
2839430 9325.00
2840443 9324.00
2841455 9323.00
2842466 9324.00
2843469 9327.00
2844480 9330.00
2845499 9330.00
2846512 9328.00
2847516 9331.00
2848525 9329.00
2849528 9334.00
2850531 9341.00
2851546 9364.00
2852546 9246.00
2853559 7561.00
2854566 7457.00
2855582 7696.00
2856587 8090.00
2857592 7551.00
2858596 7469.00
2859600 7481.00
2860613 7494.00
2861619 7495.00
2862630 7490.00
2863648 7484.00
2864659 7481.00
2865667 7479.00
2866671 7469.00
2867687 7468.00
2868697 7466.00
2869715 7470.00
2870736 7469.00
2871739 7474.00
2872751 7473.00
2873758 7466.00
2874779 7464.00
2875783 7471.00
2876799 7470.00
2877812 7476.00
2878818 7474.00
2879835 7476.00
2880838 7475.00
2881843 7472.00
2882852 7465.00
2883861 7457.00
2884873 7460.00
2885891 7459.00
2886901 7451.00
2887913 7450.00
2888923 7448.00
2889933 7459.00
2890943 7449.00
2891954 7431.00
2892970 7426.00
2893974 7431.00
2894985 7432.00
2896003 7430.00
2897009 7428.00
2898017 7423.00
2899019 7430.00
2900035 7432.00
2901041 7427.00
2902048 7426.00
2903061 7431.00
2904073 7437.00
2905092 7421.00
2906097 7412.00
2907102 7412.00
2908120 7420.00
2909126 7419.00
2910141 7422.00
2911149 7412.00
2912157 7406.00
2913160 7406.00
2914174 7413.00
2915190 7414.00
2916205 7416.00
2917224 7409.00
2918244 7406.00
2919263 7404.00
2920272 7394.00
2921281 7394.00
2922289 7400.00
2923300 7401.00
2924315 7398.00
2925318 7400.00
2926326 7395.00
2927328 7395.00
2928333 7394.00
2929337 7396.00
2930345 7393.00
2931348 7404.00
2932359 7412.00
2933376 7408.00
2934381 7405.00
2935384 7398.00
2936393 7398.00
2937408 7393.00
2938410 7391.00
2939429 7389.00
2940448 7390.00
2941461 7391.00
2942468 7393.00
2943470 7388.00
2944488 7390.00
2945490 7381.00
2946499 7375.00
2947511 7379.00
2948521 7373.00
2949532 7386.00
2950542 7375.00
2951547 7373.00
2952560 7372.00
2953561 7375.00
2954561 7369.00
2955569 7374.00
2956576 7376.00
2957595 7372.00
2958597 7373.00
2959611 7369.00
2960625 7374.00
2961627 7377.00
2962631 7373.00
2963633 7372.00
2964646 7371.00
2965653 7362.00
2966669 7361.00
2967677 7351.00
2968677 7347.00
2969694 7348.00
2970708 7368.00
2971711 7352.00
2972720 7348.00
2973726 7341.00
2974731 7334.00
2975742 7328.00
2976751 7335.00
2977759 7343.00
2978760 7341.00
2979763 7342.00
2980765 7343.00
2981780 7344.00
2982789 7349.00
2983808 7366.00
2984817 7354.00
2985825 7350.00
2986838 7358.00
2987857 7361.00
2988858 7363.00
2989869 7367.00
2990872 7358.00
2991891 7362.00
2992900 7352.00
2993910 7349.00
2994927 7355.00
2995930 7363.00
2996933 7361.00
2997948 7350.00
2998961 7348.00
2999980 7346.00
3000992 7342.00
3002000 7344.00
3003010 7354.00
3004028 7350.00
3005032 7356.00
3006033 7348.00
3007042 7342.00
3008043 7344.00
3009053 7340.00
3010058 7333.00
3011070 7334.00
3012083 7333.00
3013092 7338.00
3014113 7345.00
3015114 7337.00
3016118 7335.00
3017126 7329.00
3018141 7327.00
3019143 7329.00
3020151 7334.00
3021170 7339.00
3022183 7340.00
3023200 7325.00
3024202 7324.00
3025210 7336.00
3026226 7344.00
3027238 7330.00
3028259 7333.00
3029261 7343.00
3030270 7337.00
3031272 7332.00
3032291 7336.00
3033300 7338.00
3034316 7336.00
3035319 7341.00
3036336 7349.00
3037340 7349.00
3038355 7348.00
3039372 7348.00
3040380 7344.00
3041387 7338.00
3042400 7343.00
3043402 7346.00
3044411 7345.00
3045413 7341.00
3046420 7338.00
3047432 7345.00
3048441 7337.00
3049448 7336.00
3050448 7337.00
3051454 7339.00
3052461 7335.00
3053475 7339.00
3054494 7340.00
3055498 7333.00
3056506 7302.00
3057525 7305.00
3058533 7302.00
3059542 7303.00
3060554 7301.00
3061565 7310.00
3062578 7318.00
3063593 7326.00
3064610 7332.00
3065624 7327.00
3066640 7328.00
3067642 7327.00
3068663 7331.00
3069681 7330.00
3070691 7328.00
3071703 7330.00
3072721 7331.00
3073721 7329.00
3074731 7331.00
3075739 7332.00
3076758 7329.00
3077759 7323.00
3078777 7321.00
3079789 7320.00
3080802 7317.00
3081815 7312.00
3082829 7311.00
3083833 7313.00
3084843 7321.00
3085849 7323.00
3086863 7338.00
3087863 7341.00
3088880 7329.00
3089880 7327.00
3090890 7328.00
3091909 7326.00
3092922 7326.00
3093941 7318.00
3094960 7325.00
3095970 7329.00
3096979 7326.00
3097992 7321.00
3098992 7317.00
3099992 7318.00
3101009 7325.00
3102011 7324.00
3103015 7324.00
3104036 7325.00
3105053 7325.00
3106061 7315.00
3107079 7317.00
3108089 7321.00
3109090 7320.00
3110090 7318.00
3111091 7314.00
3112109 7316.00
3113111 7314.00
3114130 7318.00
3115132 7324.00
3116142 7320.00
3117153 7327.00
3118159 7335.00
3119168 7335.00
3120185 7330.00
3121186 7319.00
3122190 7311.00
3123192 7310.00
3124215 7312.00
3125222 7310.00
3126229 7311.00
3127239 7317.00
3128253 7317.00
3129254 7319.00
3130259 7322.00
3131271 7321.00
3132286 7321.00
3133292 7317.00
3134310 7312.00
3135310 7311.00
3136320 7308.00
3137331 7294.00
3138339 7286.00
3139353 7292.00
3140367 7302.00
3141384 7290.00
3142392 7295.00
3143402 7330.00
3144413 7293.00
3145422 7265.00
3146426 7279.00
3147436 7285.00
3148450 7287.00
3149451 7295.00
3150453 7284.00
3151454 7293.00
3152458 7299.00
3153462 7293.00
3154475 7329.00
3155494 7366.00
3156517 7420.00
3157520 7397.00
3158520 7346.00
3159529 7316.00
3160542 7314.00
3161545 7308.00
3162558 7286.00
3163570 7284.00
3164585 7280.00
3165598 7320.00
3166613 7313.00
3167617 7306.00
3168630 7305.00
3169648 7298.00
3170651 7297.00
3171656 7309.00
3172661 7297.00
3173680 7295.00
3174694 7294.00
3175698 7295.00
3176709 7300.00
3177726 7298.00
3178726 7302.00
3179742 7302.00
3180743 7305.00
3181753 7306.00
3182771 7302.00
3183785 7303.00
3184801 7297.00
3185807 7301.00
3186813 7298.00
3187826 7300.00
3188831 7299.00
3189850 7297.00
3190857 7293.00
3191861 7296.00
3192861 7296.00
3193866 7292.00
3194866 7291.00
3195878 7294.00
3196894 7298.00
3197905 7299.00
3198915 7300.00
3199921 7298.00
3200935 7294.00
3201940 7298.00
3202941 7294.00
3203954 7296.00
3204970 7298.00
3205981 7300.00
3206981 7297.00
3207982 7298.00
3208994 7295.00
3210008 7296.00
3211013 7300.00
3212024 7298.00
3213025 7298.00
3214028 7300.00
3215031 7300.00
3216045 7291.00
3217049 7293.00
3218059 7296.00
3219072 7296.00
3220085 7294.00
3221100 7293.00
3222111 7293.00
3223120 7292.00
3224137 7287.00
3225151 7288.00
3226154 7287.00
3227173 7298.00
3228175 7292.00
3229180 7290.00
3230182 7287.00
3231200 7291.00
3232203 7292.00
3233205 7288.00
3234210 7288.00
3235211 7288.00
3236222 7289.00
3237234 7290.00
3238249 7290.00
3239268 7287.00
3240269 7286.00
3241270 7289.00
3242279 7288.00
3243289 7289.00
3244290 7291.00
3245297 7286.00
3246312 7289.00
3247320 7288.00
3248332 7291.00
3249334 7291.00
3250339 7293.00
3251351 7288.00
3252358 7287.00
3253375 7285.00
3254376 7289.00
3255382 7284.00
3256399 7280.00
3257404 7282.00
3258418 7289.00
3259426 7291.00
3260442 7285.00
3261453 7290.00
3262462 7294.00
3263477 7295.00
3264491 7290.00
3265493 7290.00
3266500 7286.00
3267510 7284.00
3268513 7287.00
3269517 7289.00
3270521 7281.00
3271522 7282.00
3272530 7283.00
3273550 7285.00
3274561 7283.00
3275564 7286.00
3276569 7281.00
3277581 7282.00
3278599 7283.00
3279600 7284.00
3280619 7278.00
3281638 7280.00
3282649 7283.00
3283652 7282.00
3284662 7276.00
3285669 7275.00
3286673 7277.00
3287689 7284.00
3288704 7280.00
3289723 7281.00
3290724 7286.00
3291729 7283.00
3292748 7286.00
3293748 7287.00
3294760 7288.00
3295763 7283.00
3296773 7283.00
3297783 7285.00
3298783 7280.00
3299796 7278.00
3300797 7277.00
3301797 7276.00
3302800 7277.00
3303803 7274.00
3304813 7277.00
3305821 7286.00
3306831 7279.00
3307842 7277.00
3308843 7278.00
3309843 7284.00
3310849 7286.00
3311854 7285.00
3312877 7287.00
3313880 7284.00
3314890 7285.00
3315900 7284.00
3316901 7274.00
3317916 7282.00
3318922 7279.00
3319940 7281.00
3320954 7284.00
3321961 7288.00
3322962 7285.00
3323973 7285.00
3324990 7285.00
3326005 7284.00
3327020 7284.00
3328028 7278.00
3329033 7262.00
3330041 7246.00
3331060 7235.00
3332079 7260.00
3333096 7251.00
3334114 7249.00
3335130 7248.00
3336132 7245.00
3337139 7241.00
3338140 7241.00
3339156 7242.00
3340173 7243.00
3341183 7246.00
3342188 7250.00
3343201 7246.00
3344212 7248.00
3345216 7252.00
3346231 7252.00
3347242 7237.00
3348254 7244.00
3349264 7266.00
3350266 7243.00
3351280 7239.00
3352283 7244.00
3353293 7252.00
3354304 7251.00
3355304 7257.00
3356318 7250.00
3357319 7255.00
3358320 7251.00
3359326 7251.00
3360343 7254.00
3361353 7253.00
3362370 7256.00
3363385 7255.00
3364386 7253.00
3365391 7250.00
3366402 7251.00
3367404 7251.00
3368406 7250.00
3369412 7244.00
3370421 7253.00
3371421 7251.00
3372440 7250.00
3373443 7250.00
3374453 7248.00
3375471 7248.00
3376471 7249.00
3377484 7252.00
3378485 7250.00
3379493 7248.00
3380493 7242.00
3381500 7247.00
3382502 7245.00
3383503 7246.00
3384503 7253.00
3385522 7249.00
3386539 7252.00
3387553 7247.00
3388557 7254.00
3389558 7252.00
3390574 7253.00
3391591 7253.00
3392605 7251.00
3393611 7250.00
3394617 7253.00
3395628 7252.00
3396629 7253.00
3397629 7252.00
3398643 7251.00
3399650 7245.00
3400667 7255.00
3401682 7252.00
3402690 7248.00
3403692 7250.00
3404704 7247.00
3405706 7244.00
3406723 7238.00
3407724 7240.00
3408728 7256.00
3409729 7258.00
3410741 7742.00
3411757 7738.00
3412759 7288.00
3413776 7299.00
3414794 7284.00
3415810 7286.00
3416812 7289.00
3417824 7291.00
3418829 7298.00
3419847 7297.00
3420857 7292.00
3421874 7290.00
3422887 7294.00
3423903 7292.00
3424913 7292.00
3425921 7325.00
3426931 7303.00
3427933 7261.00
3428944 7256.00
3429947 7256.00
3430951 7260.00
3431954 7258.00
3432961 7260.00
3433963 7257.00
3434967 7256.00
3435983 7259.00
3436994 7259.00
3438000 7272.00
3439002 7289.00
3440019 7274.00
3441022 7235.00
3442034 7244.00
3443046 7244.00
3444063 7246.00
3445073 7248.00
3446084 7251.00
3447090 7249.00
3448090 7249.00
3449093 7349.00
3450093 8995.00
3451104 9191.00
3452104 9177.00
3453109 9184.00
3454112 9174.00
3455113 9165.00
3456130 9163.00
3457140 9162.00
3458157 9163.00
3459171 9161.00
3460183 9166.00
3461184 9164.00
3462184 9160.00
3463550 9165.00
3465439 9165.00
3466440 9162.00
3467441 9162.00
3468449 9169.00
3469456 9168.00
3470460 9170.00
3471477 9173.00
3472490 9175.00
3473490 9179.00
3474506 9181.00
3475516 9176.00
3476521 9180.00
3477539 9183.00
3478546 9187.00
3479546 9187.00
3480547 9192.00
3481556 9197.00
3482568 9195.00
3483586 9191.00
3484604 9196.00
3485615 9196.00
3486621 9198.00
3487629 9202.00
3488637 9204.00
3489642 9205.00
3490642 9207.00
3491650 9209.00
3492654 9208.00
3493656 9212.00
3494663 9212.00
3495676 9209.00
3496688 9218.00
3497704 9217.00
3498709 9225.00
3499727 9215.00
3500745 9222.00
3501754 9219.00
3502769 9218.00
3503783 9222.00
3504791 9217.00
3505805 9230.00
3506816 9226.00
3507831 9229.00
3508842 9233.00
3509861 9234.00
3510877 9235.00
3511877 9234.00
3512882 9238.00
3513897 9241.00
3514915 9243.00
3515931 9240.00
3516940 9243.00
3517960 9241.00
3518970 9248.00
3519976 9252.00
3520997 9248.00
3522012 9247.00
3523014 9250.00
3524032 9251.00
3525033 9249.00
3526053 9251.00
3527068 9252.00
3528083 9253.00
3529093 9256.00
3530103 9257.00
3531105 9258.00
3532124 9258.00
3533137 9262.00
3534144 9261.00
3535160 9266.00
3536163 9264.00
3537170 9265.00
3538181 9271.00
3539192 9272.00
3540210 9270.00
3541222 9270.00
3542240 9273.00
3543240 9273.00
3544252 9273.00
3545263 9273.00
3546267 9269.00
3547285 9269.00
3548306 9270.00
3549306 9271.00
3550317 9271.00
3551329 9274.00
3552351 9276.00
3553352 9277.00
3554361 9274.00
3555371 9276.00
3556388 9280.00
3557402 9280.00
3558404 9283.00
3559407 9280.00
3560422 9278.00
3561444 9277.00
3562446 9279.00
3563457 9280.00
3564457 9280.00
3565469 9281.00
3566483 9284.00
3567499 9288.00
3568500 9285.00
3569516 9322.00
3570523 9306.00
3571540 8880.00
3572552 7530.00
3573569 7529.00
3574587 7523.00
3575589 7523.00
3576594 7527.00
3577603 7517.00
3578618 7522.00
3579637 7518.00
3580655 7509.00
3581661 7496.00
3582670 7482.00
3583670 7481.00
3584677 7487.00
3585696 7485.00
3586715 7484.00
3587723 7482.00
3588723 7476.00
3589733 7477.00
3590752 7477.00
3591766 7478.00
3592780 7481.00
3593802 7469.00
3594813 7461.00
3595830 7460.00
3596835 7460.00
3597838 7459.00
3598855 7452.00
3599871 7454.00
3600881 7455.00
3601884 7455.00
3602904 7451.00
3603908 7456.00
3604909 7451.00
3605916 7441.00
3606929 7448.00
3607934 7451.00
3608940 7449.00
3609956 7446.00
3610957 7443.00
3611961 7438.00
3612968 7438.00
3613986 7439.00
3614991 7441.00
3616007 7442.00
3617015 7435.00
3618029 7438.00
3619038 7435.00
3620053 7435.00
3621069 7429.00
3622081 7426.00
3623085 7424.00
3624089 7422.00
3625101 7421.00
3626104 7421.00
3627108 7424.00
3628115 7421.00
3629130 7416.00
3630139 7408.00
3631157 7413.00
3632168 7408.00
3633172 7414.00
3634182 7410.00
3635197 7404.00
3636212 7411.00
3637220 7409.00
3638220 7394.00
3639226 7390.00
3640246 7389.00
3641255 7387.00
3642261 7390.00
3643279 7381.00
3644296 7384.00
3645306 7384.00
3646319 7378.00
3647323 7380.00
3648323 7381.00
3649341 7379.00
3650352 7380.00
3651367 7377.00
3652378 7377.00
3653392 7380.00
3654400 7380.00
3655417 7380.00
3656434 7381.00
3657450 7378.00
3658451 7390.00
3659458 7399.00
3660469 7912.00
